1 261 79
1 -413 376
1 308 395
1 451 -489
1 -254 187
1 -171 477
1 -437 -232
1 -33 100
1 160 491
1 -164 -11
1 434 409
1 242 -199
1 279 408
1 -153 412
1 -29 -286
1 -394 422
1 293 384
1 298 -210
1 -32 248
1 -199 -96
1 -376 -179
1 -119 -312
1 89 348
1 -22 439
1 338 314
1 -383 -38
1 -88 359
1 -47 381
1 -44 300
1 293 117
1 -487 89
1 39 306
1 -337 -474
1 287 131
1 274 -413
1 -465 89
1 -402 -84
1 -33 187
1 454 445
1 125 291
1 -52 -68
1 443 361
1 481 -104
1 -69 -64
1 -305 -277
1 -447 400
1 3 -218
1 -105 166
1 -192 -319
1 487 272
1 460 -479
1 -140 -443
1 -373 17
1 -65 -420
1 -349 250
1 62 100
1 -318 4
1 -350 -338
1 90 81
1 -211 -24
1 -5 -468
1 -125 498
1 -186 -40
1 -147 122
1 -168 -161
1 -417 -209
1 -449 -56
1 -462 -322
1 151 -337
1 450 303
1 414 -299
1 -98 286
1 -105 -258
1 138 486
1 323 117
1 -39 -493
1 149 26
1 195 463
1 176 238
1 -226 -493
1 268 -142
1 489 319
1 -8 218
1 187 -358
1 381 -174
1 445 -16
1 27 -464
1 460 423
1 469 -212
1 408 -18
1 405 -442
1 -11 54
1 -226 375
1 16 450
1 112 -19
1 148 -121
1 339 136
1 -303 -170
1 -147 75
1 -28 425
1 401 -393
1 -402 -382
1 334 -442
1 -460 303
1 -154 138
1 -216 -250
1 -114 -37
1 -6 160
1 -163 201
1 -201 450
1 -319 447
1 -482 -481
1 -227 407
1 -151 -184
1 -19 11
1 431 -429
1 -192 -471
1 -311 333
1 -413 -271
1 135 -377
1 57 109
1 -437 443
1 262 58
1 -208 290
1 -242 92
1 -71 -61
1 -272 -53
1 -352 -309
1 -147 -3
1 -302 334
1 198 -372
1 96 197
1 -343 285
1 29 435
1 -486 354
1 -443 71
1 -38 312
1 -296 414
1 -441 -4
1 203 -183
1 278 -369
1 -54 197
1 -231 94
1 78 122
1 281 276
1 -354 -22
1 405 242
1 -326 -439
1 26 -107
1 187 -270
1 -254 -66
1 -8 208
1 -255 196
1 -188 -196
1 -309 -486
1 -189 160
1 337 257
1 -144 -395
1 -460 434
1 -83 321
1 -100 63
1 490 -196
1 495 354
1 -445 21
1 -253 242
1 -59 -7
1 367 433
1 392 302
1 128 -297
1 -394 10
1 408 -393
1 360 244
1 55 -285
1 39 95
1 339 457
1 -84 -262
1 -291 -405
1 -268 -296
1 449 -212
1 -85 -305
1 220 356
1 189 86
1 289 80
1 -112 -394
1 -27 -316
1 -194 -120
1 -209 -335
1 315 346
1 -430 -457
1 -369 410
1 190 47
1 338 400
1 142 -430
1 294 -220
1 -452 -292
1 -24 268
1 -437 355
1 -456 42
1 -376 -68
1 149 97
1 -194 145
1 477 -213
1 311 -19
1 -367 381
1 25 455
1 -20 -286
1 1 -182
1 304 333
1 -112 97
1 -388 -64
1 305 -222
1 394 59
1 -368 438
1 291 -244
1 -441 -371
1 43 -135
1 275 20
1 153 85
1 191 -24
1 -345 -285
1 -70 136
1 -380 121
1 454 424
1 -357 -469
1 -289 446
1 -343 206
1 -276 -450
1 -236 -454
1 179 -445
1 494 238
1 375 36
1 294 149
1 246 -364
1 -267 -63
1 -198 -111
1 -158 232
1 215 -348
1 -458 168
1 -424 -315
1 199 478
1 321 46
1 183 235
1 -214 138
1 282 465
1 -117 -35
1 -107 -243
1 -500 377
1 407 -63
1 -488 330
1 64 -496
1 409 406
1 236 123
1 -442 -32
1 -210 325
1 -157 179
1 -8 -337
1 -276 -326
1 399 -299
1 312 -130
1 -335 -306
1 25 -252
1 -48 -285
1 315 -452
1 152 327
1 378 -285
1 21 287
1 312 447
1 -91 60
1 -86 -110
1 -426 257
1 259 66
1 111 174
1 240 -301
1 375 -258
1 -241 230
1 -64 284
1 479 78
1 189 -17
1 126 -469
1 -190 4
1 437 331
1 481 248
1 278 -421
1 -193 382
1 -31 -429
1 -171 -272
1 137 440
1 92 -123
1 329 -34
1 -191 -413
1 -305 245
1 61 364
1 -487 440
1 -153 139
1 471 -153
1 333 408
1 368 3
1 -155 -165
1 83 -157
1 408 242
1 -86 -264
1 160 -449
1 366 -249
1 -382 194
1 217 -73
1 -29 103
1 362 222
1 -344 375
1 161 -307
1 -296 -178
1 -270 227
1 -271 289
1 -270 -236
1 314 313
1 107 221
1 54 -479
1 457 -286
1 -428 12
1 -345 -310
1 396 63
1 -193 -134
1 -335 -332
1 278 -489
1 234 -371
1 396 438
1 -49 -375
1 164 -130
1 414 394
1 134 -82
1 -104 -259
1 -362 141
1 -238 286
1 45 -476
1 -203 200
1 405 -307
1 -238 -289
1 -251 -383
1 -431 -473
1 320 303
1 -344 215
1 240 -203
1 340 -406
1 167 -56
1 488 491
1 362 -426
1 -269 190
1 215 -317
1 -25 -241
1 398 -37
1 459 -8
1 -154 412
1 203 95
1 -472 -37
1 -188 38
1 -235 -32
1 -248 196
1 -45 283
1 290 -379
1 417 -33
1 -388 -32
1 41 -467
1 -343 446
1 408 133
1 -296 305
1 286 354
1 -203 -369
1 265 190
1 226 -17
1 343 -462
1 -479 -392
1 -304 464
1 -6 -158
1 246 474
1 -37 162
1 -60 -235
1 -371 172
1 490 -213
1 117 87
1 110 322
1 -419 -415
1 -135 -432
1 -284 320
1 259 132
1 -198 -209
1 170 -487
1 -411 57
1 478 83
1 399 -87
1 56 -449
1 -425 187
1 -493 395
1 -142 187
1 372 165
1 -227 -19
1 -324 -146
1 66 41
1 -77 -28
1 -140 372
1 -396 -147
1 -338 -36
1 -134 -248
1 -480 -467
1 335 109
1 -53 -419
1 -149 22
1 268 -142
1 -394 316
1 -456 479
1 -20 -493
1 -351 157
1 -139 216
1 388 284
1 378 -252
1 155 482
1 101 8
1 -54 157
1 260 -344
1 191 -216
1 -44 -363
1 -445 307
1 -151 13
1 355 -45
1 -172 89
1 -67 -1
1 96 83
1 346 147
1 489 233
1 -69 56
1 171 276
1 38 462
1 -217 174
1 119 233
1 20 500
1 -483 476
1 327 263
1 -28 -325
1 -224 -484
1 -180 104
1 -205 -56
1 293 391
1 -474 138
1 38 205
1 -439 159
1 -240 232
1 -66 -12
1 194 -92
1 -339 -498
1 -360 182
1 -499 348
1 -153 328
1 111 320
1 193 387
1 26 -488
1 -320 322
1 -354 164
1 -98 -328
1 -199 130
1 67 -448
1 -212 18
1 285 -87
1 -495 -332
1 321 358
1 361 461
1 -271 362
1 -1 76
1 -121 -391
1 -415 262
1 186 112
1 274 56
1 -67 421
1 -281 25
1 283 -289
1 -345 -460
1 -237 -57
1 -252 238
1 356 -247
1 96 -134
1 301 -44
1 -483 -471
1 -493 16
1 106 -424
1 -185 -119
1 338 191
1 183 112
1 -254 306
1 -278 -344
1 -169 195
1 -133 -14
1 -75 -180
1 119 173
1 249 -335
1 117 -466
1 31 -83
1 -9 48
1 -363 -312
1 254 -67
1 -235 259
1 314 -398
1 -51 -3
1 -96 196
1 -198 -184
1 42 133
1 202 99
1 309 -374
1 419 -72
1 -10 -143
1 93 297
1 -108 -377
1 404 73
1 -138 -460
1 -49 306
1 -337 216
1 65 478
1 9 -487
1 -336 413
1 -101 -344
1 420 441
1 -20 121
1 39 -212
1 -63 -352
1 -94 427
1 -305 499
1 -87 87
1 313 -183
1 350 365
1 -453 492
1 170 -289
1 207 425
1 -312 -285
1 439 -458
1 319 -163
1 -302 238
1 469 -132
1 -142 7
1 157 -15
1 -155 253
1 -398 41
1 252 15
1 318 -246
1 332 168
1 -382 380
1 159 -22
1 -410 -445
1 -97 469
1 462 -469
1 201 -30
1 -442 399
1 -293 -474
1 -233 -245
1 -276 114
1 -70 69
1 -134 32
1 -391 308
1 -453 428
1 -439 69
1 -215 370
1 -52 134
1 -462 -272
1 189 -369
1 387 -160
1 -338 87
1 310 -280
1 -324 207
1 438 -57
1 152 -339
1 247 -418
1 -80 303
1 114 30
1 111 161
1 -353 -138
1 421 -378
1 -268 -442
1 256 461
1 -213 -366
1 -409 364
1 -25 444
1 -49 475
1 -337 127
1 -128 291
1 260 -477
1 142 -304
1 296 -438
1 499 -90
1 -218 109
1 261 -381
1 162 181
1 -259 84
1 240 497
1 44 217
1 -370 135
1 80 -205
1 78 221
1 461 -69
1 -463 -168
1 413 -13
1 -455 54
1 183 342
1 116 182
1 -249 88
1 481 202
1 207 -168
1 -427 448
1 416 313
1 444 -41
1 -281 265
1 284 -11
1 250 -139
1 -290 210
1 -17 438
1 -459 -105
1 -75 -413
1 449 -393
1 119 -245
1 -21 60
1 343 -350
1 -239 -260
1 -18 -166
1 -313 -102
1 337 322
1 47 246
1 86 -169
1 -265 -165
1 -118 -365
1 236 365
1 -428 -33
1 450 -3
1 -256 89
1 -205 363
1 34 274
1 -78 -124
1 114 -126
1 -194 287
1 208 -6
1 375 -265
1 -495 -79
1 481 -219
1 252 406
1 -194 325
1 -460 -459
1 -121 304
1 9 -171
1 -200 253
1 108 95
1 -194 -359
1 -441 228
1 -293 -137
1 -399 14
1 -351 0
1 198 -477
1 -75 203
1 -365 -405
1 174 77
1 -499 480
1 -99 232
1 -479 281
1 35 -280
1 300 26
1 163 -93
1 311 469
1 48 370
1 197 255
1 424 -12
1 459 -428
1 178 156
1 287 -398
1 -452 422
1 -302 222
1 -2 390
1 202 90
1 -189 -87
1 -130 347
1 -177 360
1 -438 486
1 -234 373
1 455 4
1 243 -159
1 449 -144
1 19 408
1 -72 -303
1 -247 405
1 490 493
1 16 378
1 214 205
1 267 -395
1 -206 269
1 -292 -146
1 -195 31
1 -287 -133
1 -293 -331
1 -261 352
1 173 172
1 383 121
1 -473 -99
1 -282 -354
1 98 -338
1 -450 -222
1 -346 -243
1 -345 368
1 462 113
1 164 446
1 -119 372
1 -201 186
1 -407 -298
1 -448 491
1 -129 482
1 342 -457
1 154 224
1 -146 -129
1 -376 -237
1 17 -87
1 -75 -242
1 191 79
1 15 36
1 -364 -334
1 -352 300
1 -389 29
1 -138 -400
1 405 -355
1 -198 147
1 -365 173
1 129 477
1 -94 473
1 -110 -50
1 -157 14
1 213 51
1 117 328
1 309 498
1 -94 -487
1 34 -267
1 370 182
1 -468 481
1 402 -416
1 -420 306
1 -271 -428
1 -47 -136
1 -65 272
1 -470 31
1 -66 -80
1 481 277
1 125 -116
1 -483 432
1 -289 326
1 430 -192
1 29 -347
1 41 -102
1 25 -237
1 -432 -74
1 -462 339
1 423 458
1 411 -435
1 -488 -465
1 337 -458
1 66 -230
1 -347 47
1 237 278
1 121 255
1 -101 22
1 -230 -172
1 20 -10
1 -329 251
1 78 197
1 205 147
1 -378 243
1 -15 235
1 200 -414
1 300 -98
1 312 -174
1 -55 -122
1 -214 -212
1 115 -477
1 256 -265
1 -32 -346
1 -53 -72
1 -327 468
1 418 -156
1 218 -4
1 -460 -78
1 -358 354
1 355 -183
1 -222 55
1 -407 -422
1 457 406
1 -406 -409
1 474 -119
1 -121 88
1 -406 -366
1 13 62
1 480 460
1 490 -348
1 427 98
1 -314 -165
1 -407 -273
1 257 426
1 271 112
1 433 239
1 357 217
1 317 3
1 -188 412
1 95 -215
1 483 164
1 373 -424
1 -11 -425
1 -172 -32
1 -466 -493
1 -190 152
1 105 -4
1 487 -112
1 -87 243
1 -497 374
1 -456 127
1 113 401
1 -467 -381
1 -406 -155
1 221 189
1 130 203
1 -458 -308
1 -31 -279
1 -233 297
1 -121 492
1 305 189
1 143 -401
1 376 129
1 -322 479
1 -438 372
1 353 297
1 -2 -35
1 -112 31
1 -226 -18
1 376 496
1 361 -305
1 -112 403
1 -423 358
1 315 -156
1 -156 -307
1 -164 339
1 73 169
1 439 -52
1 489 307
1 -74 241
1 178 469
1 37 -324
1 -377 115
1 -103 -102
1 -404 464
1 -417 457
1 349 -29
1 50 427
1 -172 -136
1 -230 173
1 57 -204
1 -299 320
1 156 -361
1 -233 144
1 136 -116
1 -426 -186
1 -148 -199
1 -320 -24
1 417 77
1 64 -488
1 -270 147
1 160 -421
1 -383 -291
1 -495 -364
1 73 466
1 -1 320
1 453 200
1 140 108
1 30 97
1 442 -335
1 481 206
1 -331 -477
1 -494 -151
1 -311 423
1 117 -57
1 126 37
1 -411 -215
1 116 397
1 -6 -189
1 223 257
1 468 412
1 -234 420
1 -198 406
1 -283 332
1 -307 349
1 187 364
1 54 47
1 387 60
1 396 266
1 -327 -298
1 -292 299
1 240 488
1 274 -455
1 75 458
1 -143 -203
1 -96 -176
1 -291 170
1 434 -299
1 -234 -350
1 -468 -41
1 499 -91
1 -178 -258
1 456 400
1 302 42
1 -145 165
1 -66 64
1 -347 -327
1 -259 117
1 -281 316
1 74 -234
1 -387 478
1 -220 -488
1 -162 -287
1 -287 104
1 -447 436
1 253 -449
1 -466 265
1 484 181
1 164 285
1 -278 -481
1 -360 156
1 -227 -207
1 20 14
1 411 -71
1 -170 -326
1 -115 -367
1 343 165
1 -355 371
1 68 -452
1 -26 121
1 484 417
1 -138 208
1 181 -155
1 -112 -465
1 320 110
1 245 460
1 457 -483
1 444 -334
1 31 44
1 95 51
1 -92 480
1 184 -250
1 -166 19
1 -380 402
1 67 -216
1 22 -260
1 391 74
1 449 72
1 419 -164
1 -203 238
1 137 -459
1 -112 -217
1 -442 -479
1 -51 -221
1 65 234
1 21 163
1 -97 -296
1 414 237
1 -86 224
1 -172 171
1 199 40
1 412 89
1 -387 50
1 351 222
1 76 -353
1 -41 -288
1 -312 37
1 -315 437
1 58 -176
1 407 313
1 -443 -73
1 -334 -350
1 -179 -421
1 77 235
1 -7 405
1 -94 382
1 -366 -493
1 -29 438
1 57 -489
1 159 -368
1 -341 309
1 -465 -463
1 -155 411
1 475 94
1 -265 381
1 -404 483
1 -193 -238
1 324 -182
1 -469 -100
1 -447 -285
1 496 -351
1 -404 -371
1 347 -243
1 -433 -97
1 -231 -84
1 -275 -72
1 -276 451
1 -35 70
1 52 -371
1 354 -23
1 -491 450
1 -41 -494
1 403 -218
1 -175 434
1 -127 -432
1 -352 -132
1 408 -255
1 -313 254
1 2 445
1 347 -39
1 -139 262
1 389 85
1 -97 -456
1 345 455
1 -327 198
1 -379 374
1 -162 80
1 380 -260
1 53 395
1 -327 116
1 153 -488
1 484 60
1 448 361
1 -497 -361
1 306 350
1 101 -334
1 -198 -11
1 251 205
1 -277 96
1 -151 -103
1 484 -30
1 -230 -179
1 240 340
1 -249 483
1 235 -385
1 98 -113
1 -373 -229
1 448 -426
1 -368 141
1 -287 438
1 -9 4
1 -397 293
1 494 44
1 -313 -284
1 330 36
1 -197 314
1 196 73
1 325 -65
1 -87 -424
1 -82 338
1 382 -485
1 415 -492
1 478 52
1 273 -391
1 -307 176
1 237 184
1 -320 340
1 -334 364
1 -427 -147
1 270 404
1 79 -427
1 217 -226
1 -164 -269
1 209 -61
1 -193 317
1 467 379
1 23 382
1 77 0
1 -67 -151
1 109 126
1 216 -155
1 -191 86
1 375 -335
1 -361 448
1 -292 99
1 41 287
1 172 -243
1 -440 199
1 -321 -40
1 328 -324
1 -224 295
1 -445 -11
1 176 132
1 489 299
1 172 -213
1 -75 -113
1 -178 -76
1 163 -304
1 90 -8
1 335 298
1 -410 -435
1 -225 -47
1 -487 -475
1 -349 -308
1 -325 169
1 -132 -48
1 -37 -77
1 441 329
1 -445 120
1 128 227
1 407 243
1 304 -271
1 -334 -344
1 -385 -54
1 148 140
1 435 238
1 206 400
1 -310 219
1 425 -469
1 411 -400
1 201 469
1 -258 354
1 -108 373
1 -127 -363
1 -8 -500
1 54 -411
1 -67 -143
1 -492 99
1 -297 -377
1 236 351
1 -46 -140
1 -222 -341
1 -241 -341
1 68 -317
1 381 -332
1 474 81
1 -364 -285
1 -375 28
1 279 -2
1 -145 -230
1 -312 409
1 -451 121
1 456 -443
1 410 -342
1 -319 -165
1 199 135
1 195 478
1 -16 454
1 327 -449
1 328 207
1 -281 301
1 479 -455
1 -484 -397
1 -236 295
1 -209 119
1 255 -21
1 28 305
1 290 -17
1 52 -111
1 142 233
1 225 -470
1 -443 -81
1 198 -269
1 -127 24
1 473 391
1 422 -309
1 191 400
1 428 -103
1 193 -309
1 -309 484
1 310 137
1 -348 -163
1 -369 132
1 11 183
1 -480 343
1 -394 245
1 373 354
1 355 71
1 276 418
1 -406 248
1 308 -485
1 130 -2
1 105 57
1 396 -203
1 248 277
1 471 -253
1 -397 -378
1 85 425
1 254 286
1 -202 -35
1 128 -406
1 -291 0
1 448 254
1 -430 223
1 171 356
1 -339 -22
1 371 291
1 167 -334
1 -153 -248
1 -37 285
1 -472 -66
1 -469 323
1 -254 -194
1 247 191
1 -409 -456
1 -345 219
1 -362 -446
1 410 277
1 309 480
1 -311 -331
1 335 -150
1 -162 -104
1 -360 -496
1 -248 -13
1 -244 215
1 462 475
1 339 494
1 297 -415
1 -201 44
1 276 -109
1 88 431
1 300 -83
1 175 209
1 -307 -17
1 189 -118
1 -157 -287
1 233 181
1 -201 373
1 185 51
1 -450 441
1 457 -489
1 415 295
1 -496 -98
1 70 495
1 446 -155
1 -115 -277
1 466 375
1 140 141
1 84 333
1 314 463
1 -285 -344
1 366 138
1 337 356
1 10 -289
1 -94 -250
1 342 -448
1 453 -53
1 38 147
1 349 -393
1 141 294
1 -47 216
1 -484 -392
1 91 -153
1 249 -326
1 -321 -247
1 327 -416
1 -401 192
1 222 437
1 47 423
1 338 144
1 363 180
1 196 315
1 -374 -267
1 -38 475
1 -159 -398
1 -42 -16
1 9 -336
1 92 -401
1 11 -469
1 464 -119
1 475 290
1 -35 -427
1 -19 -313
1 200 -472
1 300 38
1 172 162
1 -283 -443
1 -23 -467
1 482 129
1 -493 -178
1 -79 -345
1 -4 430
1 -181 278
1 -472 21
1 309 492
1 402 283
1 -29 -444
1 47 453
1 434 -254
1 171 233
1 284 -158
1 -415 191
1 -411 -248
1 224 -430
1 381 -79
1 -418 -199
1 76 78
1 -269 86
1 -144 450
1 297 355
1 132 198
1 -172 -398
1 254 375
1 -446 188
1 -380 225
1 -390 95
1 257 -305
1 -215 347
1 -53 -491
1 107 -173
1 -380 190
1 -181 -113
1 -233 -260
1 473 -187
1 380 269
1 -332 11
1 -344 -314
1 -196 100
1 -440 -142
1 478 371
1 274 -412
1 -35 -280
1 -217 -59
1 257 -79
1 -360 -136
1 -62 -240
1 -447 257
1 147 -490
1 187 -191
1 -176 67
1 -423 -318
1 268 424
1 -442 -429
1 24 -382
1 -380 -309
1 179 394
1 -221 -356
1 304 -247
1 85 -249
1 174 -85
1 115 -389
1 175 -142
1 59 -178
1 -132 436
1 131 -118
1 2 -101
1 -246 -230
1 -488 -188
1 -159 -274
1 -380 -39
1 -82 300
1 -456 -113
1 134 39
1 140 409
1 290 -497
1 -177 -406
1 -385 188
1 -48 -136
1 -491 10
1 -201 -169
1 83 -8
1 -80 337
1 262 -378
1 340 293
1 -151 150
1 445 -43
1 -361 179
1 344 273
1 -283 -16
1 -129 197
1 -13 194
1 291 -208
1 -118 433
1 -154 -419
1 -57 146
1 -398 216
1 328 -288
1 -258 89
1 -165 -419
1 -429 184
1 -78 206
1 -360 61
1 -115 174
1 -166 102
1 -343 -105
1 490 -165
1 280 280
1 -183 352
1 213 164
1 123 346
1 500 226
1 61 327
1 438 303
1 -395 -228
1 75 367
1 146 497
1 73 -24
1 -253 458
1 -350 -229
1 -251 498
1 167 -262
1 -478 -54
1 209 -160
1 -203 -79
1 194 420
1 457 193
1 -165 -293
1 -291 464
1 200 -186
1 -265 -226
1 -320 72
1 461 253
1 238 -292
1 -100 388
1 -21 150
1 76 -355
1 78 98
1 -219 -214
1 128 -232
1 -103 -489
1 379 -147
1 204 -287
1 -250 103
1 -324 451
1 417 -398
1 415 288
1 174 376
1 -270 -89
1 274 131
1 490 -248
1 471 -245
1 -412 48
1 43 -441
1 25 -329
1 -172 422
1 -318 -294
1 466 77
1 -391 -285
1 -321 477
1 356 287
1 -422 271
1 -236 -58
1 -164 -316
1 43 -391
1 315 -278
1 -449 -25
1 -23 330
1 214 -480
1 390 429
1 382 408
1 350 254
1 304 5
1 -170 413
1 -89 -300
1 389 -234
1 177 157
1 227 131
1 -402 -438
1 315 -168
1 -329 -180
1 54 414
1 295 -469
1 243 -302
1 -449 -178
1 -374 123
1 -271 167
1 -124 223
1 362 -103
1 -174 -228
1 -213 405
1 -271 464
1 62 146
1 94 -150
1 209 -402
1 182 70
1 -82 -264
1 -17 404
1 458 417
1 -399 199
1 -262 419
1 -179 -342
1 85 197
1 71 -54
1 -407 397
1 -91 -120
1 302 -172
1 -467 -447
1 474 -183
1 -97 182
1 -84 276
1 443 24
1 202 -385
1 -73 159
1 -469 -281
1 -453 461
1 -363 -132
1 309 222
1 255 -121
1 358 39
1 -224 -234
1 109 268
1 94 143
1 321 -242
1 150 414
1 440 256
1 -121 72
1 -220 -420
1 188 207
1 -71 219
1 116 -24
1 -131 253
