1 316 -141
1 226 -384
1 -378 65
1 185 -76
1 -123 391
1 -46 96
1 359 -383
1 299 302
1 122 -87
1 -361 -148
1 -293 438
1 257 -266
1 -499 -46
1 115 -178
1 106 -5
1 392 -79
1 354 -193
1 -273 166
1 373 412
1 -410 440
1 -7 -266
1 36 -149
1 -149 -166
1 344 163
1 -62 173
1 205 145
1 110 -349
1 379 -199
1 -205 -7
1 124 401
1 178 -295
1 -488 -278
1 13 -261
1 388 -425
1 342 168
1 -486 -166
1 402 -260
1 -125 443
1 75 409
1 -204 -488
1 -228 -500
1 -153 382
1 343 -274
1 374 -363
1 -91 -3
1 -462 -413
1 -108 -450
1 -191 405
1 -211 387
1 480 321
1 55 495
1 -346 -44
1 425 -280
1 -411 -311
1 -372 -115
1 -299 -100
1 -115 -261
1 473 -273
1 -35 346
1 -445 374
1 -468 -407
1 151 -76
1 334 150
1 -481 313
1 37 499
1 134 -409
1 183 -22
1 -263 108
1 198 -174
1 297 17
1 211 189
1 107 287
1 428 -231
1 204 -418
1 305 -51
1 456 337
1 42 -203
1 452 -125
1 447 471
1 379 -17
1 159 12
1 -236 -468
1 490 -308
1 140 -122
1 -292 -374
1 395 110
1 5 -309
1 -414 -68
1 -39 -20
1 14 -235
1 430 -340
1 293 -339
1 -43 -66
1 -273 -407
1 -406 -395
1 77 253
1 117 31
1 285 -204
1 -87 -386
1 174 122
1 432 68
1 -269 -64
1 260 -183
1 59 411
1 -13 263
1 -325 -84
1 113 468
1 78 -431
1 -99 305
1 -337 -5
1 410 -70
1 439 -284
1 151 -87
1 12 -436
1 28 -314
1 -124 -351
1 -56 107
1 85 -297
1 114 334
1 304 -400
1 97 480
1 17 -291
1 137 285
1 470 -462
1 89 323
1 -277 -312
1 443 -339
1 -96 93
1 75 416
1 -153 293
1 -399 223
1 442 46
1 -481 -284
1 -61 -177
1 -450 -257
1 -76 -163
1 413 131
1 46 49
1 -395 -295
1 -223 194
1 -473 1
1 72 160
1 -148 476
1 -247 117
1 81 -210
1 -401 -127
1 -487 231
1 419 223
1 448 -453
1 -454 188
1 481 -30
1 -476 393
1 291 -240
1 -368 396
1 -34 -91
1 -221 -317
1 100 351
1 344 143
1 16 287
1 -241 -404
1 -424 -141
1 -31 280
1 280 -423
1 3 227
1 316 49
1 -86 296
1 209 -62
1 -121 -311
1 -111 -299
1 -416 355
1 -200 -447
1 228 401
1 404 71
1 43 -391
1 -453 -8
1 396 -376
1 41 -135
1 94 -179
1 -368 -404
1 238 448
1 -165 343
1 -66 234
1 471 3
1 423 -141
1 -106 -494
1 -287 194
1 -441 132
1 -216 153
1 393 17
1 -48 441
1 -491 -152
1 255 -260
1 213 -152
1 -249 35
1 -365 490
1 -327 -340
1 332 -203
1 395 302
1 300 317
1 -339 -307
1 324 -436
1 77 73
1 -114 362
1 417 -221
1 -122 -132
1 410 -423
1 216 164
1 -182 -382
1 202 -241
1 154 27
1 -252 17
1 188 270
1 314 82
1 -238 113
1 -102 -387
1 -4 412
1 -323 263
1 -15 -246
1 124 -409
1 33 -498
1 -41 -58
1 270 -325
1 296 278
1 484 -3
1 -463 -173
1 -476 -215
1 344 -98
1 246 157
1 484 -493
1 460 -119
1 -380 -355
1 484 488
1 409 -342
1 -259 32
1 -251 -36
1 -276 208
1 406 495
1 73 -109
1 -38 57
1 389 -1
1 384 103
1 -25 228
1 -496 -280
1 -426 178
1 418 -466
1 249 -463
1 -321 232
1 215 -413
1 390 457
1 -190 -362
1 -390 34
1 37 -484
1 -282 -391
1 -403 181
1 166 176
1 -321 -260
1 -222 -156
1 158 473
1 64 232
1 150 -19
1 266 -101
1 -292 446
1 321 424
1 223 211
1 70 -468
1 349 180
1 -243 -425
1 -114 -335
1 -315 -16
1 346 41
1 350 216
1 281 -372
1 -441 -372
1 291 -186
1 361 -369
1 -15 126
1 -280 -116
1 -239 -460
1 498 175
1 251 -243
1 207 -210
1 127 154
1 -135 204
1 320 -260
1 -313 165
1 282 227
1 -430 -248
1 355 321
1 -119 -164
1 325 -259
1 -33 500
1 57 187
1 -117 9
1 227 -430
1 -317 -332
1 -173 80
1 -352 455
1 -266 13
1 158 -447
1 254 35
1 -92 -275
1 -239 -331
1 -23 307
1 490 358
1 333 4
1 -402 -201
1 3 -154
1 176 77
1 355 -408
1 147 228
1 -240 475
1 -193 -92
1 119 -269
1 112 467
1 475 -445
1 -309 -117
1 -220 -48
1 52 257
1 449 -269
1 115 281
1 235 -97
1 270 428
1 -61 -55
1 4 484
1 -272 -349
1 211 -322
1 316 209
1 -223 -376
1 130 389
1 -410 105
1 134 -219
1 488 414
1 -77 -271
1 -140 -438
1 -350 165
1 343 75
1 -432 -197
1 2 -303
1 -62 197
1 -319 166
1 38 82
1 345 -147
1 -210 -379
1 -333 421
1 200 -243
1 -285 -167
1 -272 393
1 -254 -159
1 312 106
1 -97 462
1 -229 437
1 -274 -471
1 -261 -82
1 417 177
1 -386 -403
1 -467 152
1 180 378
1 195 160
1 189 362
1 -230 -112
1 -382 -325
1 221 -464
1 -433 157
1 -122 379
1 453 -29
1 340 414
1 -93 256
1 443 -164
1 -326 50
1 204 -212
1 147 237
1 441 -484
1 -196 -175
1 -133 493
1 -313 -173
1 -120 496
1 3 291
1 -468 70
1 -363 -400
1 -51 -411
1 71 479
1 -497 169
1 235 136
1 195 409
1 -315 -102
1 387 23
1 -366 17
1 39 -62
1 343 96
1 -380 -471
1 424 0
1 215 -384
1 481 -63
1 186 -383
1 37 325
1 -293 299
1 -6 401
1 -343 -272
1 -274 352
1 327 -88
1 -250 213
1 435 -426
1 -270 -337
1 -297 263
1 -50 -177
1 292 -437
1 14 -304
1 -321 -6
1 134 55
1 -198 -330
1 -120 9
1 159 374
1 -401 316
1 292 -175
1 -142 118
1 -73 108
1 -480 -449
1 -128 -250
1 406 75
1 203 -145
1 399 -6
1 -82 -88
1 191 97
1 96 -486
1 -349 398
1 -316 -279
1 -404 34
1 -406 -305
1 -461 76
1 -289 -103
1 -307 138
1 -496 405
1 190 -123
1 -346 95
1 142 358
1 140 40
1 -459 -443
1 142 -78
1 -156 -262
1 -64 -315
1 -365 -189
1 -93 -268
1 345 -309
1 -73 74
1 268 -172
1 472 151
1 467 476
1 55 -154
1 -458 -100
1 131 185
1 448 -230
1 415 179
1 -483 57
1 -399 -139
1 295 -273
1 -264 430
1 -272 143
1 352 263
1 25 -221
1 -163 -208
1 -203 -192
1 133 -237
1 474 -312
1 -201 207
1 88 430
1 -109 -275
1 390 496
1 404 407
1 52 -496
1 458 -464
1 423 -306
1 157 -350
1 337 8
1 414 -449
1 -23 -250
1 -157 275
1 -252 477
1 -463 -279
1 355 -473
1 428 -368
1 457 -492
1 -143 347
1 -496 -240
1 -57 -254
1 456 -99
1 -217 378
1 95 440
1 218 -379
1 -363 -179
1 -327 115
1 71 -294
1 -111 9
1 373 -384
1 231 227
1 -357 158
1 359 -400
1 -143 406
1 137 -139
1 -334 -421
1 -203 -379
1 -330 -230
1 189 265
1 -291 -94
1 77 -153
1 228 -60
1 152 489
1 146 -460
1 -2 -291
1 -344 419
1 126 -200
1 -234 -325
1 -410 123
1 -420 227
1 174 -254
1 -4 472
1 -443 167
1 -259 -64
1 -379 -359
1 343 -112
1 -322 -240
1 328 330
1 439 -26
1 370 -374
1 -127 -475
1 -456 499
1 -485 -189
1 -327 -395
1 124 -246
1 22 -202
1 -310 -482
1 -231 -252
1 -125 10
1 184 -314
1 -159 -284
1 75 19
1 -334 -98
1 -152 296
1 66 408
1 422 439
1 434 157
1 438 139
1 158 -390
1 245 -219
1 -446 -234
1 79 -255
1 475 348
1 -7 -461
1 -452 367
1 -274 -111
1 274 -9
1 99 440
1 393 447
1 235 -351
1 45 -153
1 278 -332
1 -497 215
1 307 161
1 16 51
1 132 -240
1 8 -289
1 5 -18
1 249 188
1 -288 297
1 55 -372
1 377 -172
1 119 -25
1 458 -299
1 -389 -117
1 -150 156
1 230 319
1 324 -77
1 -277 -179
1 274 239
1 372 -95
1 500 -121
1 116 -306
1 52 -445
1 383 264
1 42 -373
1 82 -82
1 -355 -300
1 83 -398
1 -409 -115
1 -325 -58
1 231 405
1 451 -255
1 -173 -327
1 66 -400
1 413 -63
1 -304 102
1 7 2
1 -14 249
1 57 -132
1 -298 -401
1 -315 284
1 -293 -170
1 174 291
1 -377 265
1 366 -202
1 -294 96
1 -297 347
1 31 -280
1 -480 -404
1 -489 433
1 -276 -293
1 -276 -79
1 209 210
1 -331 457
1 269 -129
1 -445 454
1 345 -238
1 475 18
1 243 -403
1 -218 -202
1 -105 -321
1 395 -212
1 -475 -385
1 -301 -455
1 -288 401
1 168 -64
1 -393 82
1 357 6
1 483 216
1 -38 251
1 277 -293
1 -106 121
1 -340 -132
1 -362 93
1 -35 -80
1 392 51
1 -211 -24
1 29 -185
1 91 228
1 -140 303
1 128 -472
1 429 -75
1 110 -25
1 122 -218
1 -310 274
1 -468 467
1 172 -383
1 -223 332
1 -15 -85
1 -76 141
1 26 -185
1 -309 315
1 291 -90
1 -371 -428
1 -362 -320
1 375 -44
1 399 -6
1 72 -302
1 469 384
1 -19 350
1 157 -297
1 6 -482
1 -180 284
1 350 306
1 389 465
1 -54 -86
1 -221 -173
1 420 261
1 237 -452
1 23 65
1 419 -103
1 212 317
1 81 -217
1 -485 50
1 -334 -314
1 -411 13
1 -111 95
1 32 210
1 -432 -429
1 15 458
1 -465 151
1 -439 -495
1 168 481
1 -44 -406
1 -471 479
1 -150 138
1 -125 -439
1 -45 147
1 -156 -340
1 -304 -300
1 -154 476
1 -97 235
1 -240 435
1 -56 -171
1 197 149
1 477 232
1 490 -463
1 237 157
1 -482 -308
1 -58 238
1 -330 292
1 -125 -264
1 353 20
1 383 387
1 180 269
1 277 -475
1 244 -321
1 -49 194
1 305 395
1 -478 1
1 -266 189
1 -268 -277
1 227 470
1 71 -65
1 352 -488
1 363 -478
1 304 428
1 449 -154
1 -52 331
1 -268 318
1 -211 -492
1 344 223
1 -313 485
1 -84 182
1 69 -371
1 -318 303
1 318 -395
1 -474 -266
1 265 -213
1 -141 116
1 -201 -279
1 -172 293
1 -351 -224
1 -362 97
1 297 -440
1 -86 -415
1 -432 448
1 308 446
1 122 415
1 128 -309
1 -457 0
1 494 51
1 105 210
1 286 -131
1 497 -356
1 176 -205
1 -444 -497
1 278 -295
1 -220 416
1 -8 267
1 476 96
1 353 234
1 -266 -150
1 -130 356
1 -236 498
1 -454 498
1 -313 -460
1 49 293
1 -60 -166
1 352 -63
1 -332 27
1 -78 -276
1 -279 -300
1 -381 1
1 306 111
1 458 -28
1 -293 310
1 -295 -59
1 351 75
1 487 -386
1 -238 -467
1 303 -360
1 264 -149
1 123 -297
1 -125 -26
1 -170 43
1 192 253
1 -42 413
1 143 77
1 -397 -362
1 379 -440
1 110 -415
1 61 6
1 -284 -89
1 271 -298
1 -285 224
1 426 -483
1 364 189
1 -442 -14
1 83 -67
1 150 413
1 167 -159
1 -145 315
1 444 188
1 -109 -454
1 327 460
1 298 -374
1 235 -452
1 -178 451
1 -351 -407
1 344 -446
1 7 269
1 -428 -130
1 -352 321
1 356 231
1 -246 -305
1 -167 111
1 37 189
1 -75 -330
1 -124 6
1 408 393
1 -34 205
1 210 -300
1 -57 -469
1 342 92
1 315 185
1 146 -179
1 -357 -92
1 -119 482
1 -271 -264
1 212 -327
1 -68 -455
1 284 159
1 -76 399
1 329 300
1 -96 236
1 -117 370
1 -370 -408
1 261 73
1 314 102
1 355 129
1 477 1
1 140 310
1 99 -479
1 292 328
1 448 -307
1 191 -431
1 429 -26
1 228 -148
1 -128 -253
1 343 -33
1 173 -275
1 -474 -6
1 -493 287
1 257 321
1 -422 112
1 -361 -446
1 303 280
1 55 -99
1 301 -154
1 420 248
1 -271 110
1 318 -342
1 275 -265
1 -300 337
1 -328 -458
1 -197 36
1 458 -480
1 -471 155
1 307 -24
1 -24 76
1 -413 115
1 -180 390
1 -416 375
1 482 385
1 411 401
1 -177 -360
1 -300 -360
1 489 475
1 -435 -312
1 312 -262
1 422 305
1 274 69
1 325 -7
1 -276 -178
1 469 -110
1 398 247
1 195 -283
1 136 280
1 283 -193
1 164 193
1 -293 177
1 23 -402
1 317 11
1 -428 383
1 -110 74
1 311 -499
1 -431 84
1 -240 84
1 267 -16
1 406 235
1 64 -7
1 -19 -241
1 211 308
1 229 -7
1 -386 -418
1 376 -488
1 260 -101
1 -390 76
1 100 373
1 -352 490
1 -53 459
1 181 -294
1 -268 442
1 290 189
1 -75 196
1 -76 180
1 -312 95
1 439 89
1 -98 167
1 272 -293
1 249 148
1 410 -302
1 -454 210
1 275 146
1 82 113
1 -174 219
1 -238 -494
1 425 -316
1 138 215
1 374 254
1 -400 -203
1 -67 479
1 82 -439
1 68 485
1 -82 -471
1 382 357
1 177 291
1 -445 -87
1 -310 330
1 250 272
1 -368 266
1 -319 -106
1 -38 296
1 -231 -400
1 10 -358
1 354 -200
1 -371 477
1 -221 211
1 -463 37
1 -115 -45
1 -244 -234
1 -499 434
1 247 -444
1 -464 437
1 76 -24
1 -101 209
1 -259 80
1 293 204
1 -125 -439
1 -6 76
1 -297 -463
1 66 -478
1 -487 345
1 234 241
1 -429 -382
1 386 -172
1 -425 387
1 452 322
1 444 178
1 -51 -291
1 -346 348
1 418 -105
1 -383 -99
1 289 -8
1 -38 -218
1 258 -144
1 -491 -176
1 -122 213
1 359 302
1 -47 121
1 111 -162
1 449 186
1 416 90
1 -303 359
1 -233 146
1 -433 -79
1 -317 176
1 7 -200
1 -424 -205
1 293 -272
1 -232 -260
1 -226 -223
1 64 -157
1 491 -77
1 -356 -367
1 -457 -55
1 -338 182
1 -370 -423
1 462 -482
1 126 -272
1 -146 193
1 150 38
1 -442 -344
1 338 325
1 -359 -180
1 244 -401
1 61 -483
1 -123 315
1 -450 -443
1 428 386
1 381 161
1 -170 -458
1 -158 -349
1 -381 -197
1 -331 245
1 -278 23
1 -372 372
1 251 -314
1 218 89
1 202 49
1 99 -55
1 149 -341
1 -348 216
1 165 -297
1 -37 92
1 -412 -157
1 -247 -392
1 -114 -215
1 -241 5
1 89 -72
1 441 311
1 142 -432
1 -128 -108
1 445 280
1 171 146
1 -482 -230
1 281 167
1 -381 434
1 -428 284
1 327 35
1 -124 105
1 379 -181
1 213 455
1 104 473
1 -351 383
1 -410 -411
1 -117 232
1 -343 255
1 315 -398
1 -276 -15
1 -62 434
1 -55 -281
1 100 65
1 -348 173
1 -462 169
1 -293 -86
1 -227 276
1 -77 486
1 230 -473
1 458 380
1 410 -452
1 469 -207
1 -30 317
1 238 475
1 109 153
1 -40 -454
1 86 95
1 -235 -315
1 -341 -393
1 48 -302
1 -34 -54
1 -198 239
1 -279 226
1 225 142
1 253 -128
1 -289 -148
1 -390 -321
1 145 81
1 186 -117
1 55 -206
1 -465 205
1 -159 121
1 -200 -204
1 -4 -351
1 -406 -456
1 -463 60
1 -320 -160
1 -201 -99
1 256 214
1 233 -302
1 -415 444
1 50 387
1 314 -305
1 -33 -1
1 -232 212
1 -16 494
1 -393 15
1 -196 -93
1 1 300
1 -254 95
1 34 -216
1 346 214
1 124 335
1 306 -431
1 48 -272
1 -233 -177
1 -328 7
1 -291 176
1 -108 -134
1 -326 160
1 -422 -152
1 -157 376
1 363 147
1 -218 -136
1 -363 -282
1 149 171
1 2 -6
1 -425 316
1 -172 381
1 385 66
1 299 342
1 390 471
1 -151 289
1 146 241
1 -345 11
1 -409 424
1 359 -66
1 299 -88
1 272 271
1 -34 409
1 489 -386
1 79 -9
1 109 -156
1 -194 127
1 415 382
1 -307 214
1 223 -418
1 184 -429
1 371 -480
1 3 216
1 -279 94
1 139 -421
1 218 -373
1 -319 -11
1 398 147
1 -103 77
1 262 167
1 258 -440
1 -490 -437
1 187 426
1 135 380
1 139 -142
1 152 -178
1 -381 -287
1 -468 122
1 429 -247
1 406 -242
1 -477 124
1 -115 -296
1 -388 474
1 42 10
1 50 -197
1 367 -193
1 -137 377
1 -440 -451
1 302 196
1 120 -60
1 244 -229
1 -47 363
1 -16 -325
1 -325 -87
1 -71 -420
1 171 -48
1 204 246
1 -154 7
1 219 388
1 207 459
1 381 73
1 -235 434
1 -51 -484
1 174 -249
1 -98 -207
1 -119 336
1 64 24
1 198 -452
1 200 63
1 -349 319
1 144 12
1 461 -463
1 -243 -194
1 44 477
1 385 -250
1 125 265
1 323 391
1 -111 -228
1 97 -438
1 -287 189
1 -145 -216
1 24 419
1 -1 -279
1 157 -302
1 -25 308
1 -484 -382
1 -181 477
1 -345 -233
1 473 200
1 434 357
1 450 58
1 -188 -37
1 -362 201
1 -75 235
1 263 -172
1 -77 308
1 112 447
1 -84 -390
1 359 -427
1 499 -167
1 71 205
1 -359 81
1 181 -204
1 348 -156
1 186 -29
1 391 -174
1 -472 -298
1 289 -333
1 93 404
1 92 -455
1 -269 206
1 43 343
1 -158 460
1 144 391
1 -468 142
1 414 -207
1 -463 -446
1 374 218
1 -459 -89
1 252 -83
1 382 143
1 243 101
1 35 -279
1 -42 319
1 -376 -451
1 364 -145
1 -55 -93
1 389 -22
1 -444 -278
1 -132 -412
1 54 473
1 -429 91
1 217 446
1 500 258
1 -454 251
1 -325 429
1 -107 108
1 29 119
1 330 487
1 -63 144
1 226 491
1 190 362
1 -103 -232
1 -161 -47
1 -10 -103
1 -269 234
1 -441 -197
1 -175 277
1 439 -176
1 -276 485
1 265 -411
1 103 349
1 198 322
1 -33 -283
1 -2 94
1 51 -276
1 84 -260
1 276 482
1 -302 -386
1 -376 188
1 -299 -454
1 -388 -239
1 -461 -63
1 -463 478
1 -49 -239
1 152 406
1 -459 446
1 254 239
1 267 411
1 456 456
1 4 -304
1 -321 -412
1 -63 145
1 260 135
1 259 384
1 -487 150
1 120 316
1 101 159
1 -248 138
1 -174 -107
1 90 169
1 489 131
1 114 243
1 -441 -430
1 -157 205
1 -475 348
1 401 395
1 436 -473
1 39 -115
1 -147 488
1 459 -134
1 138 79
1 372 -262
1 -263 314
1 67 -246
1 -294 347
1 423 -306
1 -333 36
1 127 -274
1 -204 471
1 121 -178
1 318 21
1 -284 -57
1 49 -54
1 328 402
1 -67 286
1 458 261
1 -446 19
1 500 483
1 -168 -244
1 -264 38
1 -398 349
1 -78 460
1 -426 240
1 376 -130
1 210 -4
1 192 -283
1 -484 99
1 -150 -245
1 -456 -323
1 347 -333
1 153 -6
1 429 -102
1 -488 118
1 -120 -156
1 374 -194
1 72 166
1 -346 185
1 125 -272
1 -76 -310
1 98 -367
1 186 481
1 -460 -108
1 -231 -110
1 148 -497
1 -243 -316
1 -330 100
1 -131 289
1 498 -119
1 -94 -433
1 -84 470
1 -127 178
1 135 -283
1 -138 450
1 -55 286
1 -361 234
1 109 15
1 -96 -161
1 408 173
1 229 -255
1 -134 176
1 -71 -274
1 -224 298
1 -485 464
1 370 -79
1 222 476
1 -419 -406
1 153 -94
1 -188 206
1 -144 -53
1 -319 -315
1 -320 291
1 -109 84
1 320 -202
1 447 49
1 43 -498
1 415 162
1 -271 381
1 -350 -256
1 345 -481
1 -145 66
1 185 -64
1 -150 -473
1 343 -148
1 233 389
1 300 415
1 264 170
1 -105 -346
1 445 -286
1 -48 391
1 263 185
1 394 -132
1 -153 313
1 -252 -313
1 -444 283
1 -294 -89
1 -152 81
1 348 -111
1 108 -120
1 241 -159
1 -232 -270
1 -245 -469
1 401 150
1 377 345
1 54 -482
1 -75 -183
1 204 -492
1 -125 241
1 321 123
1 428 67
1 -94 324
1 479 -56
1 -96 16
1 333 202
1 396 -236
1 -458 354
1 -316 488
1 385 -416
1 -173 261
1 119 382
1 280 -456
1 389 -327
1 243 -237
1 104 -246
1 76 31
1 321 482
1 -456 299
1 -74 -362
1 -496 449
1 340 90
1 403 73
1 -57 -413
1 -250 -482
1 362 78
1 279 -19
1 -351 -252
1 -285 228
1 -389 148
1 491 215
1 402 66
1 -255 223
1 -262 480
1 -289 -146
1 -383 -284
1 493 148
1 -4 396
1 -280 440
1 173 -30
1 458 34
1 238 -74
1 205 387
1 -135 420
1 114 -24
1 68 -206
1 -309 -341
1 51 -374
1 382 289
1 -394 284
1 -358 414
1 190 -366
1 61 -315
1 220 281
1 -376 -108
1 442 272
1 117 179
1 389 -179
1 -244 -247
1 -259 60
1 -81 -1
1 45 110
1 158 -405
1 -73 -270
1 74 -277
1 -487 216
1 -364 203
1 40 -112
1 78 451
1 359 203
1 -158 300
1 -336 459
1 -331 -448
1 -220 -385
1 496 -289
1 -135 -85
1 -100 410
1 215 248
1 -496 -359
1 478 78
1 -446 181
1 484 382
1 -427 -286
1 -231 152
1 -336 -373
1 -456 -304
1 118 -292
1 346 -23
1 452 316
1 -218 447
1 -474 147
1 -449 -384
1 57 267
1 364 61
1 98 32
1 330 153
1 -288 3
1 34 -214
1 217 303
1 128 71
